  -1.0500000e-02   0.0000000e+00
  -1.0000000e-02   0.0000000e+00
  -9.5000000e-03   1.5643400e-01
  -9.0000000e-03   3.0901700e-01
  -8.5000000e-03   4.5399000e-01
  -8.0000000e-03   5.8778500e-01
  -7.5000000e-03   7.0710700e-01
  -7.0000000e-03   8.0901700e-01
  -6.5000000e-03   8.9100700e-01
  -6.0000000e-03   9.5105700e-01
  -5.5000000e-03   9.8768800e-01
  -5.0000000e-03   1.0000000e+00
  -4.5000000e-03   9.8768800e-01
  -4.0000000e-03   9.5105700e-01
  -3.5000000e-03   8.9100700e-01
  -3.0000000e-03   8.0901700e-01
  -2.5000000e-03   7.0710700e-01
  -2.0000000e-03   5.8778500e-01
  -1.5000000e-03   4.5399000e-01
  -1.0000000e-03   3.0901700e-01
  -9.5000000e-04   2.9404000e-01
  -9.0000000e-04   2.7899100e-01
  -8.5000000e-04   2.6387300e-01
  -8.0000000e-04   2.4869000e-01
  -7.5000000e-04   2.3344500e-01
  -7.0000000e-04   2.1814300e-01
  -6.5000000e-04   2.0278700e-01
  -6.0000000e-04   1.8738100e-01
  -5.5000000e-04   1.7192900e-01
  -5.0000000e-04   1.5643400e-01
  -4.5000000e-04   1.4090100e-01
  -4.0000000e-04   1.2533300e-01
  -3.5000000e-04   1.0973400e-01
  -3.0000000e-04   9.4108000e-02
  -2.5000000e-04   7.8459000e-02
  -2.0000000e-04   6.2791000e-02
  -1.5000000e-04   4.7106000e-02
  -1.0000000e-04   3.1411000e-02
  -9.5000000e-05   2.9841000e-02
  -9.0000000e-05   2.8271000e-02
  -8.5000000e-05   2.6700000e-02
  -8.0000000e-05   2.5130000e-02
  -7.5000000e-05   2.3560000e-02
  -7.0000000e-05   2.1989000e-02
  -6.5000000e-05   2.0419000e-02
  -6.0000000e-05   1.8848000e-02
  -5.5000000e-05   1.7278000e-02
  -5.0000000e-05   1.5707000e-02
  -4.5000000e-05   1.4137000e-02
  -4.0000000e-05   1.2566000e-02
  -3.5000000e-05   1.0995000e-02
  -3.0000000e-05   9.4250000e-03
  -2.5000000e-05   7.8540000e-03
  -2.0000000e-05   6.2830000e-03
  -1.5000000e-05   4.7120000e-03
  -1.0000000e-05   3.1420000e-03
  -5.0000000e-06   1.5710000e-03
   0.0000000e+00   0.0000000e+00
   5.0000000e-06   0.0000000e+00
   1.0000000e-05   0.0000000e+00
   1.5000000e-05   0.0000000e+00
   2.0000000e-05   0.0000000e+00
   2.5000000e-05   0.0000000e+00
   3.0000000e-05   0.0000000e+00
   3.5000000e-05   0.0000000e+00
   4.0000000e-05   0.0000000e+00
   4.5000000e-05   0.0000000e+00
   5.0000000e-05   0.0000000e+00
   5.5000000e-05   0.0000000e+00
   6.0000000e-05   0.0000000e+00
   6.5000000e-05   0.0000000e+00
   7.0000000e-05   0.0000000e+00
   7.5000000e-05   0.0000000e+00
   8.0000000e-05   0.0000000e+00
   8.5000000e-05   0.0000000e+00
   9.0000000e-05   0.0000000e+00
   9.5000000e-05   0.0000000e+00
   1.0000000e-04   0.0000000e+00
   1.5000000e-04   0.0000000e+00
   2.0000000e-04   0.0000000e+00
   2.5000000e-04   0.0000000e+00
   3.0000000e-04   0.0000000e+00
   3.5000000e-04   0.0000000e+00
   4.0000000e-04   0.0000000e+00
   4.5000000e-04   0.0000000e+00
   5.0000000e-04   0.0000000e+00
   5.5000000e-04   0.0000000e+00
   6.0000000e-04   0.0000000e+00
   6.5000000e-04   0.0000000e+00
   7.0000000e-04   0.0000000e+00
   7.5000000e-04   0.0000000e+00
   8.0000000e-04   0.0000000e+00
   8.5000000e-04   0.0000000e+00
   9.0000000e-04   0.0000000e+00
   9.5000000e-04   0.0000000e+00
   1.0000000e-03   0.0000000e+00
   1.5000000e-03   0.0000000e+00
   2.0000000e-03   0.0000000e+00
   2.5000000e-03   0.0000000e+00
   3.0000000e-03   0.0000000e+00
   3.5000000e-03   0.0000000e+00
   4.0000000e-03   0.0000000e+00
   4.5000000e-03   0.0000000e+00
   5.0000000e-03   0.0000000e+00
   5.5000000e-03   0.0000000e+00
   6.0000000e-03   0.0000000e+00
   6.5000000e-03   0.0000000e+00
   7.0000000e-03   0.0000000e+00
   7.5000000e-03   0.0000000e+00
   8.0000000e-03   0.0000000e+00
   8.5000000e-03   0.0000000e+00
   9.0000000e-03   0.0000000e+00
   9.5000000e-03   0.0000000e+00
   1.0000000e-02   0.0000000e+00
   1.0500000e-02   0.0000000e+00
